Istar_stable_con[0] = 0.632120558829
Istar_stable_con[1] = 0.367879441171
Istar_stable_con[2] = 0.264241117657
Istar_stable_con[3] = 0.207276647029
Istar_stable_con[4] = 0.170893411885
Istar_stable_con[5] = 0.145532940573
Istar_stable_con[6] = 0.126802356562
Istar_stable_con[7] = 0.112383504069
Istar_stable_con[8] = 0.100931967446
Istar_stable_con[9] = 0.0916122929896
Istar_stable_con[10] = 0.0838770701038
Istar_stable_con[11] = 0.0773522288582
Istar_stable_con[12] = 0.0717732537013
Istar_stable_con[13] = 0.0669477018832
Istar_stable_con[14] = 0.0627321736348
Istar_stable_con[15] = 0.0590173954784
Istar_stable_con[16] = 0.055721672345
Istar_stable_con[17] = 0.0527315701346
Istar_stable_con[18] = 0.0508317375774
Istar_stable_con[19] = 0.0341969860293
